52 87 407 107 901 38 536
332 852 159 337 333 245 1
436 87 597 69 315 448 905
92 142 790 21 911 573 265
837 768 343 801 206 608 527
809 315 398 769 512 684 638
666 890 486 668 374 31 754
181 820 913 658 170 336 391
73 456 573 336 189 88 628
12 351 229 531 723 909 638
991 964 629 233 483 177 991
444 751 44 134 193 256 352
271 434 420 108 62 355 88
433 8 535 73 694 404 985
262 472 750 334 348 639 969
883 419 717 679 372 234 78
878 57 518 537 146 655 915
776 389 126 974 517 629 802
386 62 136 668 349 871 740
980 668 303 791 28 521 871
514 137 500 545 369 893 340
271 506 203 322 398 938 80
197 199 995 890 194 564 85
317 341 537 929 809 534 786
483 730 776 256 832 577 486
395 224 501 126 634 898 790
609 494 695 122 52 861 361
668 420 358 770 343 753 820
180 977 62 414
